             Df Sum Sq Mean Sq F value  Pr(>F)    
SL            1  352.5   352.5 507.982 < 2e-16 ***
SZ            1    2.9     2.9   4.199 0.04223 *  
SL:SZ         1    7.1     7.1  10.256 0.00167 ** 
Residuals   146  101.3     0.7                    
---
Signif. codes:  0 ‘***’ 0.001 ‘**’ 0.01 ‘*’ 0.05 ‘.’ 0.1 ‘ ’ 1
[1] "goodbye Greg...leaving R"
[1] "hello Greg...welcome to R"
     SL  SW  PL  PW         Sp    SZ
1   5.1 3.5 1.4 0.2     setosa 18.13
2   4.9 3.0 1.4 0.2     setosa 14.98
3   4.7 3.2 1.3 0.2     setosa 15.30
4   4.6 3.1 1.5 0.2     setosa 14.56
5   5.0 3.6 1.4 0.2     setosa 18.28
6   5.4 3.9 1.7 0.4     setosa 21.74
7   4.6 3.4 1.4 0.3     setosa 16.06
8   "https://cran.rstudio.com/" 3.4 1.5 0.2     setosa 17.30
9   4.4 2.9 1.4 0.2     setosa 13.04
10  4.9 3.1 1.5 0.1     setosa 15.34
11  5.4 3.7 1.5 0.2     setosa 20.28
12  4.8 3.4 1.6 0.2     setosa 16.64
13  4.8 3.0 1.4 0.1     setosa 14.54
14  4.3 3.0 1.1 0.1     setosa 13.01
15  5.8 4.0 1.2 0.2     setosa 23.44
16  5.7 4.4 1.5 0.4     setosa 25.68
17  5.4 3.9 1.3 0.4     setosa 21.58
18  5.1 3.5 1.4 0.3     setosa 18.27
19  5.7 3.8 1.7 0.3     setosa 22.17
20  5.1 3.8 1.5 0.3     setosa 19.83
21  5.4 3.4 1.7 0.2     setosa 18.70
22  5.1 3.7 1.5 0.4     setosa 19.47
23  4.6 3.6 1.0 0.2     setosa 16.76
24  5.1 3.3 1.7 0.5     setosa 17.68
25  4.8 3.4 1.9 0.2     setosa 16.70
26  5.0 3.0 1.6 0.2     setosa 15.32
27  5.0 3.4 1.6 0.4     setosa 17.64
28  5.2 3.5 1.5 0.2     setosa 18.50
29  5.2 3.4 1.4 0.2     setosa 17.96
30  4.7 3.2 1.6 0.2     setosa 15.36
31  4.8 3.1 1.6 0.2     setosa 15.20
32  5.4 3.4 1.5 0.4     setosa 18.96
33  5.2 4.1 1.5 0.1     setosa 21.47
34  5.5 4.2 1.4 0.2     setosa 23.38
35  4.9 3.1 1.5 0.1     setosa 15.34
36  5.0 3.2 1.2 0.2     setosa 16.24
37  5.5 3.5 1.3 0.2     setosa 19.51
38  4.9 3.1 1.5 0.1     setosa 15.34
39  4.4 3.0 1.3 0.2     setosa 13.46
40  5.1 3.4 1.5 0.2     setosa 17.64
41  5.0 3.5 1.3 0.3     setosa 17.89
42  4.5 2.3 1.3 0.3     setosa 10.74
43  4.4 3.2 1.3 0.2     setosa 14.34
44  5.0 3.5 1.6 0.6     setosa 18.46
45  5.1 3.8 1.9 0.4     setosa 20.14
46  4.8 3.0 1.4 0.3     setosa 14.82
47  5.1 3.8 1.6 0.2     setosa 19.70
48  4.6 3.2 1.4 0.2     setosa 15.00
49  5.3 3.7 1.5 0.2     setosa 19.91
50  5.0 3.3 1.4 0.2     setosa 16.78
51  7.0 3.2 4.7 1.4 versicolor 28.98
52  6.4 3.2 4.5 1.5 versicolor 27.23
53  6.9 3.1 4.9 1.5 versicolor 28.74
54  5.5 2.3 4.0 1.3 versicolor 17.85
55  6.5 2.8 4.6 1.5 versicolor 25.10
56  5.7 2.8 4.5 1.3 versicolor 21.81
57  6.3 3.3 4.7 1.6 versicolor 28.31
58  4.9 2.4 3.3 1.0 versicolor 15.06
59  6.6 2.9 4.6 1.3 versicolor 25.12
60  5.2 2.7 3.9 1.4 versicolor 19.50
61  5.0 2.0 3.5 1.0 versicolor 13.50
62  5.9 3.0 4.2 1.5 versicolor 24.00
63  6.0 2.2 4.0 1.0 versicolor 17.20
64  6.1 2.9 4.7 1.4 versicolor 24.27
65  5.6 2.9 3.6 1.3 versicolor 20.92
66  6.7 3.1 4.4 1.4 versicolor 26.93
67  5.6 3.0 4.5 1.5 versicolor 23.55
68  5.8 2.7 4.1 1.0 versicolor 19.76
69  6.2 2.2 4.5 1.5 versicolor 20.39
70  5.6 2.5 3.9 1.1 versicolor 18.29
71  5.9 3.2 4.8 1.8 versicolor 27.52
72  6.1 2.8 4.0 1.3 versicolor 22.28
73  6.3 2.5 4.9 1.5 versicolor 23.10
74  6.1 2.8 4.7 1.2 versicolor 22.72
75  6.4 2.9 4.3 1.3 versicolor 24.15
76  6.6 3.0 4.4 1.4 versicolor 25.96
77  6.8 2.8 4.8 1.4 versicolor 25.76
78  6.7 3.0 5.0 1.7 versicolor 28.60
79  6.0 2.9 4.5 1.5 versicolor 24.15
80  5.7 2.6 3.5 1.0 versicolor 18.32
81  5.5 2.4 3.8 1.1 versicolor 17.38
82  5.5 2.4 3.7 1.0 versicolor 16.90
83  5.8 2.7 3.9 1.2 versicolor 20.34
84  6.0 2.7 5.1 1.6 versicolor 24.36
85  5.4 3.0 4.5 1.5 versicolor 22.95
86  6.0 3.4 4.5 1.6 versicolor 27.60
87  6.7 3.1 4.7 1.5 versicolor 27.82
88  6.3 2.3 4.4 1.3 versicolor 20.21
89  5.6 3.0 4.1 1.3 versicolor 22.13
90  5.5 2.5 4.0 1.3 versicolor 18.95
91  5.5 2.6 4.4 1.2 versicolor 19.58
92  6.1 3.0 4.6 1.4 versicolor 24.74
93  5.8 2.6 4.0 1.2 versicolor 19.88
94  5.0 2.3 3.3 1.0 versicolor 14.80
95  5.6 2.7 4.2 1.3 versicolor 20.58
96  5.7 3.0 4.2 1.2 versicolor 22.14
97  5.7 2.9 4.2 1.3 versicolor 21.99
98  6.2 2.9 4.3 1.3 versicolor 23.57
99  5.1 2.5 3.0 1.1 versicolor 16.05
100 5.7 2.8 4.1 1.3 versicolor 21.29
101 6.3 3.3 6.0 2.5  virginica 35.79
102 5.8 2.7 5.1 1.9  virginica 25.35
103 7.1 3.0 5.9 2.1  virginica 33.69
104 6.3 2.9 5.6 1.8  virginica 28.35
105 6.5 3.0 5.8 2.2  virginica 32.26
106 7.6 3.0 6.6 2.1  virginica 36.66
107 4.9 2.5 4.5 1.7  virginica 19.90
108 7.3 2.9 6.3 1.8  virginica 32.51
109 6.7 2.5 5.8 1.8  virginica 27.19
110 7.2 3.6 6.1 2.5  virginica 41.17
111 6.5 3.2 5.1 2.0  virginica 31.00
112 6.4 2.7 5.3 1.9  virginica 27.35
113 6.8 3.0 5.5 2.1  virginica 31.95
114 5.7 2.5 5.0 2.0  virginica 24.25
115 5.8 2.8 5.1 2.4  virginica 28.48
116 6.4 3.2 5.3 2.3  virginica 32.67
117 6.5 3.0 5.5 1.8  virginica 29.40
118 7.7 3.8 6.7 2.2  virginica 44.00
119 7.7 2.6 6.9 2.3  virginica 35.89
120 6.0 2.2 5.0 1.5  virginica 20.70
121 6.9 3.2 5.7 2.3  virginica 35.19
122 5.6 2.8 4.9 2.0  virginica 25.48
123 7.7 2.8 6.7 2.0  virginica 34.96
124 6.3 2.7 4.9 1.8  virginica 25.83
125 6.7 3.3 5.7 2.1  virginica 34.08
126 7.2 3.2 6.0 1.8  virginica 33.84
127 6.2 2.8 4.8 1.8  virginica 26.00
128 6.1 3.0 4.9 1.8  virginica 27.12
129 6.4 2.8 5.6 2.1  virginica 29.68
130 7.2 3.0 5.8 1.6  virginica 30.88
131 7.4 2.8 6.1 1.9  virginica 32.31
132 7.9 3.8 6.4 2.0  virginica 42.82
133 6.4 2.8 5.6 2.2  virginica 30.24
134 6.3 2.8 5.1 1.5  virginica 25.29
135 6.1 2.6 5.6 1.4  virginica 23.70
136 7.7 3.0 6.1 2.3  virginica 37.13
137 6.3 3.4 5.6 2.4  virginica 34.86
138 6.4 3.1 5.5 1.8  virginica 29.74
139 6.0 3.0 4.8 1.8  virginica 26.64
140 6.9 3.1 5.4 2.1  virginica 32.73
141 6.7 3.1 5.6 2.4  virginica 34.21
142 6.9 3.1 5.1 2.3  virginica 33.12
143 5.8 2.7 5.1 1.9  virginica 25.35
144 6.8 3.2 5.9 2.3  virginica 35.33
145 6.7 3.3 5.7 2.5  virginica 36.36
146 6.7 3.0 5.2 2.3  virginica 32.06
147 6.3 2.5 5.0 1.9  virginica 25.25
148 6.5 3.0 5.2 2.0  virginica 29.90
149 6.2 3.4 5.4 2.3  virginica 33.50
150 5.9 3.0 5.1 1.8  virginica 26.88
        SL  SW  PL  PW
  [1,] 5.1 3.5 1.4 0.2
  [2,] 4.9 3.0 1.4 0.2
  [3,] 4.7 3.2 1.3 0.2
  [4,] 4.6 3.1 1.5 0.2
  [5,] 5.0 3.6 1.4 0.2
  [6,] 5.4 3.9 1.7 0.4
  [7,] 4.6 3.4 1.4 0.3
  [8,] 5.0 3.4 1.5 0.2
  [9,] 4.4 2.9 1.4 0.2
 [10,] 4.9 3.1 1.5 0.1
 [11,] 5.4 3.7 1.5 0.2
 [12,] 4.8 3.4 1.6 0.2
 [13,] 4.8 3.0 1.4 0.1
 [14,] 4.3 3.0 1.1 0.1
 [15,] 5.8 4.0 1.2 0.2
 [16,] 5.7 4.4 1.5 0.4
 [17,] 5.4 3.9 1.3 0.4
 [18,] 5.1 3.5 1.4 0.3
 [19,] 5.7 3.8 1.7 0.3
 [20,] 5.1 3.8 1.5 0.3
 [21,] 5.4 3.4 1.7 0.2
 [22,] 5.1 3.7 1.5 0.4
 [23,] 4.6 3.6 1.0 0.2
 [24,] 5.1 3.3 1.7 0.5
 [25,] 4.8 3.4 1.9 0.2
 [26,] 5.0 3.0 1.6 0.2
 [27,] 5.0 3.4 1.6 0.4
 [28,] 5.2 3.5 1.5 0.2
 [29,] 5.2 3.4 1.4 0.2
 [30,] 4.7 3.2 1.6 0.2
 [31,] 4.8 3.1 1.6 0.2
 [32,] 5.4 3.4 1.5 0.4
 [33,] 5.2 4.1 1.5 0.1
 [34,] 5.5 4.2 1.4 0.2
 [35,] 4.9 3.1 1.5 0.1
 [36,] 5.0 3.2 1.2 0.2
 [37,] 5.5 3.5 1.3 0.2
 [38,] 4.9 3.1 1.5 0.1
 [39,] 4.4 3.0 1.3 0.2
 [40,] 5.1 3.4 1.5 0.2
 [41,] 5.0 3.5 1.3 0.3
 [42,] 4.5 2.3 1.3 0.3
 [43,] 4.4 3.2 1.3 0.2
 [44,] 5.0 3.5 1.6 0.6
 [45,] 5.1 3.8 1.9 0.4
 [46,] 4.8 3.0 1.4 0.3
 [47,] 5.1 3.8 1.6 0.2
 [48,] 4.6 3.2 1.4 0.2
 [49,] 5.3 3.7 1.5 0.2
 [50,] 5.0 3.3 1.4 0.2
 [51,] 7.0 3.2 4.7 1.4
 [52,] 6.4 3.2 4.5 1.5
 [53,] 6.9 3.1 4.9 1.5
 [54,] 5.5 2.3 4.0 1.3
 [55,] 6.5 2.8 4.6 1.5
 [56,] 5.7 2.8 4.5 1.3
 [57,] 6.3 3.3 4.7 1.6
 [58,] 4.9 2.4 3.3 1.0
 [59,] 6.6 2.9 4.6 1.3
 [60,] 5.2 2.7 3.9 1.4
 [61,] 5.0 2.0 3.5 1.0
 [62,] 5.9 3.0 4.2 1.5
 [63,] 6.0 2.2 4.0 1.0
 [64,] 6.1 2.9 4.7 1.4
 [65,] 5.6 2.9 3.6 1.3
 [66,] 6.7 3.1 4.4 1.4
 [67,] 5.6 3.0 4.5 1.5
 [68,] 5.8 2.7 4.1 1.0
 [69,] 6.2 2.2 4.5 1.5
 [70,] 5.6 2.5 3.9 1.1
 [71,] 5.9 3.2 4.8 1.8
 [72,] 6.1 2.8 4.0 1.3
 [73,] 6.3 2.5 4.9 1.5
 [74,] 6.1 2.8 4.7 1.2
 [75,] 6.4 2.9 4.3 1.3
 [76,] 6.6 3.0 4.4 1.4
 [77,] 6.8 2.8 4.8 1.4
 [78,] 6.7 3.0 5.0 1.7
 [79,] 6.0 2.9 4.5 1.5
 [80,] 5.7 2.6 3.5 1.0
 [81,] 5.5 2.4 3.8 1.1
 [82,] 5.5 2.4 3.7 1.0
 [83,] 5.8 2.7 3.9 1.2
 [84,] 6.0 2.7 5.1 1.6
 [85,] 5.4 3.0 4.5 1.5
 [86,] 6.0 3.4 4.5 1.6
 [87,] 6.7 3.1 4.7 1.5
 [88,] 6.3 2.3 4.4 1.3
 [89,] 5.6 3.0 4.1 1.3
 [90,] 5.5 2.5 4.0 1.3
 [91,] 5.5 2.6 4.4 1.2
 [92,] 6.1 3.0 4.6 1.4
 [93,] 5.8 2.6 4.0 1.2
 [94,] 5.0 2.3 3.3 1.0
 [95,] 5.6 2.7 4.2 1.3
 [96,] 5.7 3.0 4.2 1.2
 [97,] 5.7 2.9 4.2 1.3
 [98,] 6.2 2.9 4.3 1.3
 [99,] 5.1 2.5 3.0 1.1
[100,] 5.7 2.8 4.1 1.3
[101,] 6.3 3.3 6.0 2.5
[102,] 5.8 2.7 5.1 1.9
[103,] 7.1 3.0 5.9 2.1
[104,] 6.3 2.9 5.6 1.8
[105,] 6.5 3.0 5.8 2.2
[106,] 7.6 3.0 6.6 2.1
[107,] 4.9 2.5 4.5 1.7
[108,] 7.3 2.9 6.3 1.8
[109,] 6.7 2.5 5.8 1.8
[110,] 7.2 3.6 6.1 2.5
[111,] 6.5 3.2 5.1 2.0
[112,] 6.4 2.7 5.3 1.9
[113,] 6.8 3.0 5.5 2.1
[114,] 5.7 2.5 5.0 2.0
[115,] 5.8 2.8 5.1 2.4
[116,] 6.4 3.2 5.3 2.3
[117,] 6.5 3.0 5.5 1.8
[118,] 7.7 3.8 6.7 2.2
[119,] 7.7 2.6 6.9 2.3
[120,] 6.0 2.2 5.0 1.5
[121,] 6.9 3.2 5.7 2.3
[122,] 5.6 2.8 4.9 2.0
[123,] 7.7 2.8 6.7 2.0
[124,] 6.3 2.7 4.9 1.8
[125,] 6.7 3.3 5.7 2.1
[126,] 7.2 3.2 6.0 1.8
[127,] 6.2 2.8 4.8 1.8
[128,] 6.1 3.0 4.9 1.8
[129,] 6.4 2.8 5.6 2.1
[130,] 7.2 3.0 5.8 1.6
[131,] 7.4 2.8 6.1 1.9
[132,] 7.9 3.8 6.4 2.0
[133,] 6.4 2.8 5.6 2.2
[134,] 6.3 2.8 5.1 1.5
[135,] 6.1 2.6 5.6 1.4
[136,] 7.7 3.0 6.1 2.3
[137,] 6.3 3.4 5.6 2.4
[138,] 6.4 3.1 5.5 1.8
[139,] 6.0 3.0 4.8 1.8
[140,] 6.9 3.1 5.4 2.1
[141,] 6.7 3.1 5.6 2.4
[142,] 6.9 3.1 5.1 2.3
[143,] 5.8 2.7 5.1 1.9
[144,] 6.8 3.2 5.9 2.3
[145,] 6.7 3.3 5.7 2.5
[146,] 6.7 3.0 5.2 2.3
[147,] 6.3 2.5 5.0 1.9
[148,] 6.5 3.0 5.2 2.0
[149,] 6.2 3.4 5.4 2.3
[150,] 5.9 3.0 5.1 1.8
             Df Sum Sq Mean Sq F value Pr(>F)    
SL            1  352.5   352.5 5170.31 <2e-16 ***
Sp            2   99.7    49.8  731.00 <2e-16 ***
SL:Sp         2    1.8     0.9   13.57  4e-06 ***
Residuals   144    9.8     0.1                   
---
Signif. codes:  0 ‘***’ 0.001 ‘**’ 0.01 ‘*’ 0.05 ‘.’ 0.1 ‘ ’ 1
NULL
