$x
  [1] 2.550 2.375 2.350 2.350 2.550 2.850 2.425 2.525 2.225 2.400 2.700
 [12] 2.500 2.325 2.125 2.800 3.000 2.750 2.575 2.875 2.675 2.675 2.675
 [23] 2.350 2.650 2.575 2.450 2.600 2.600 2.550 2.425 2.425 2.675 2.725
 [34] 2.825 2.400 2.400 2.625 2.400 2.225 2.550 2.525 2.100 2.275 2.675
 [45] 2.800 2.375 2.675 2.350 2.675 2.475 4.075 3.900 4.100 3.275 3.850
 [56] 3.575 3.975 2.900 3.850 3.300 2.875 3.650 3.300 3.775 3.350 3.900
 [67] 3.650 3.400 3.600 3.275 3.925 3.550 3.800 3.700 3.725 3.850 3.950
 [78] 4.100 3.725 3.200 3.200 3.150 3.400 3.850 3.600 3.875 4.000 3.575
 [89] 3.500 3.325 3.425 3.775 3.400 2.900 3.450 3.525 3.525 3.675 2.925
[100] 3.475 4.525 3.875 4.525 4.150 4.375 4.825 3.400 4.575 4.200 4.850
[111] 4.200 4.075 4.350 3.800 4.025 4.300 4.200 5.100 4.875 3.675 4.525
[122] 3.825 4.800 3.925 4.450 4.550 3.900 3.950 4.225 4.400 4.550 5.025
[133] 4.250 3.925 3.925 4.775 4.425 4.200 3.900 4.375 4.450 4.350 3.875
[144] 4.550 4.550 4.300 3.925 4.175 4.325 3.950

$lambda
[1] 0.3374439 0.6625561

$mu
[1] 2.542905 3.932615

$sigma
[1] 0.2031769 0.4941477

$loglik
[1] -148.2852

$posterior
             comp.1      comp.2
  [1,] 9.841372e-01 0.015862831
  [2,] 9.921591e-01 0.007840893
  [3,] 9.925497e-01 0.007450255
  [4,] 9.925497e-01 0.007450255
  [5,] 9.841372e-01 0.015862831
  [6,] 8.133229e-01 0.186677077
  [7,] 9.909848e-01 0.009015150
  [8,] 9.861749e-01 0.013825085
  [9,] 9.930415e-01 0.006958490
 [10,] 9.916446e-01 0.008355439
 [11,] 9.537446e-01 0.046255364
 [12,] 9.878035e-01 0.012196547
 [13,] 9.928321e-01 0.007167918
 [14,] 9.917510e-01 0.008248971
 [15,] 8.849564e-01 0.115043587
 [16,] 3.692059e-01 0.630794123
 [17,] 9.281348e-01 0.071865244
 [18,] 9.815785e-01 0.018421501
 [19,] 7.628986e-01 0.237101378
 [20,] 9.623580e-01 0.037642048
 [21,] 9.623580e-01 0.037642048
 [22,] 9.623580e-01 0.037642048
 [23,] 9.925497e-01 0.007450255
 [24,] 9.690436e-01 0.030956384
 [25,] 9.815785e-01 0.018421501
 [26,] 9.901516e-01 0.009848364
 [27,] 9.783512e-01 0.021648778
 [28,] 9.783512e-01 0.021648778
 [29,] 9.841372e-01 0.015862831
 [30,] 9.909848e-01 0.009015150
 [31,] 9.909848e-01 0.009015150
 [32,] 9.623580e-01 0.037642048
 [33,] 9.425997e-01 0.057400327
 [34,] 8.534947e-01 0.146505271
 [35,] 9.916446e-01 0.008355439
 [36,] 9.916446e-01 0.008355439
 [37,] 9.742596e-01 0.025740418
 [38,] 9.916446e-01 0.008355439
 [39,] 9.930415e-01 0.006958490
 [40,] 9.841372e-01 0.015862831
 [41,] 9.861749e-01 0.013825085
 [42,] 9.911204e-01 0.008879635
 [43,] 9.931118e-01 0.006888159
 [44,] 9.623580e-01 0.037642048
 [45,] 8.849564e-01 0.115043587
 [46,] 9.921591e-01 0.007840893
 [47,] 9.623580e-01 0.037642048
 [48,] 9.925497e-01 0.007450255
 [49,] 9.623580e-01 0.037642048
 [50,] 9.891075e-01 0.010892461
 [51,] 5.801510e-13 1.000000000
 [52,] 2.547301e-10 1.000000000
 [53,] 2.313027e-13 1.000000000
 [54,] 4.531784e-03 0.995468216
 [55,] 1.293952e-09 0.999999999
 [56,] 4.012091e-06 0.999995988
 [57,] 2.024630e-11 1.000000000
 [58,] 7.011848e-01 0.298815209
 [59,] 1.293952e-09 0.999999999
 [60,] 2.707337e-03 0.997292663
 [61,] 7.628986e-01 0.237101378
 [62,] 5.208610e-07 0.999999479
 [63,] 2.707337e-03 0.997292663
 [64,] 1.348023e-08 0.999999987
 [65,] 9.287115e-04 0.999071288
 [66,] 2.547301e-10 1.000000000
 [67,] 5.208610e-07 0.999999479
 [68,] 3.025958e-04 0.999697404
 [69,] 2.057241e-06 0.999997943
 [70,] 4.531784e-03 0.995468216
 [71,] 1.109087e-10 1.000000000
 [72,] 7.726663e-06 0.999992273
 [73,] 6.250307e-09 0.999999994
 [74,] 1.254016e-07 0.999999875
 [75,] 6.038072e-08 0.999999940
 [76,] 1.293952e-09 0.999999999
 [77,] 4.768563e-11 1.000000000
 [78,] 2.313027e-13 1.000000000
 [79,] 6.038072e-08 0.999999940
 [80,] 1.951933e-02 0.980480669
 [81,] 1.951933e-02 0.980480669
 [82,] 4.761141e-02 0.952388591
 [83,] 3.025958e-04 0.999697404
 [84,] 1.293952e-09 0.999999999
 [85,] 2.057241e-06 0.999997943
 [86,] 5.777381e-10 0.999999999
 [87,] 8.488677e-12 1.000000000
 [88,] 4.012091e-06 0.999995988
 [89,] 2.759547e-05 0.999972405
 [90,] 1.596027e-03 0.998403973
 [91,] 1.694650e-04 0.999830535
 [92,] 1.348023e-08 0.999999987
 [93,] 3.025958e-04 0.999697404
 [94,] 7.011848e-01 0.298815209
 [95,] 9.371491e-05 0.999906285
 [96,] 1.469427e-05 0.999985306
 [97,] 1.469427e-05 0.999985306
 [98,] 2.571843e-07 0.999999743
 [99,] 6.282401e-01 0.371759891
[100,] 5.117516e-05 0.999948825
[101,] 5.484139e-21 1.000000000
[102,] 5.777381e-10 0.999999999
[103,] 5.484139e-21 1.000000000
[104,] 3.540534e-14 1.000000000
[105,] 4.079551e-18 1.000000000
[106,] 2.546956e-27 1.000000000
[107,] 3.025958e-04 0.999697404
[108,] 5.473069e-22 1.000000000
[109,] 5.153498e-15 1.000000000
[110,] 6.962259e-28 1.000000000
[111,] 5.153498e-15 1.000000000
[112,] 5.801510e-13 1.000000000
[113,] 1.175096e-17 1.000000000
[114,] 6.250307e-09 0.999999994
[115,] 3.514558e-12 1.000000000
[116,] 9.388678e-17 1.000000000
[117,] 5.153498e-15 1.000000000
[118,] 8.119590e-34 1.000000000
[119,] 1.879383e-28 1.000000000
[120,] 2.571843e-07 0.999999743
[121,] 5.484139e-21 1.000000000
[122,] 2.861815e-09 0.999999997
[123,] 9.200873e-27 1.000000000
[124,] 1.109087e-10 1.000000000
[125,] 1.582877e-19 1.000000000
[126,] 1.743418e-21 1.000000000
[127,] 2.547301e-10 1.000000000
[128,] 4.768563e-11 1.000000000
[129,] 1.929404e-15 1.000000000
[130,] 1.398581e-18 1.000000000
[131,] 1.743418e-21 1.000000000
[132,] 5.583002e-32 1.000000000
[133,] 7.133139e-16 1.000000000
[134,] 1.109087e-10 1.000000000
[135,] 1.109087e-10 1.000000000
[136,] 3.282260e-26 1.000000000
[137,] 4.734774e-19 1.000000000
[138,] 5.153498e-15 1.000000000
[139,] 2.547301e-10 1.000000000
[140,] 4.079551e-18 1.000000000
[141,] 1.582877e-19 1.000000000
[142,] 1.175096e-17 1.000000000
[143,] 5.777381e-10 0.999999999
[144,] 1.743418e-21 1.000000000
[145,] 1.743418e-21 1.000000000
[146,] 9.388678e-17 1.000000000
[147,] 1.109087e-10 1.000000000
[148,] 1.359306e-14 1.000000000
[149,] 3.342495e-17 1.000000000
[150,] 4.768563e-11 1.000000000

$all.loglik
 [1] -380.3042 -158.7769 -148.9940 -148.3317 -148.2956 -148.2884
 [7] -148.2862 -148.2855 -148.2853 -148.2853 -148.2852 -148.2852
[13] -148.2852 -148.2852 -148.2852 -148.2852 -148.2852

$restarts
[1] 0

$ft
[1] "normalmixEM"

attr(,"class")
[1] "mixEM"
         df      BIC
fitNORM   2 360.9436
fitLNORM  2 364.2358
fitEXP    1 677.7090
[1] "BIC for GMM"
[1] 316.613
